xu PREFA (ΠΟ

0111351135, 50111 que 310 111110 se 1011113111 01100111131100111 0311115 paizes. 8510 me-
dianas 0111 1331331111, 3111311135 exiguissima& 1111135 1130015, e 11111100 1111131015 no
311111131 113 113 11130113. 1131111331 3013111103ίο gregarius 1135 10111135 113 10113, (10-
bam» 110 11011135 5111135, 51111 11111135 putrescentes, 011 051·11111111135 nos logares
131111111115 1135 111111113111135, e 35 vexes solitarias 1135 11553135 1135 rochas. Tanto se
3110103331 as) 111031 110 5113 residem-ia. 1130 11311 113 11051311111-35 3 31113115 passos
11311. Ε510. 00110111 11311 tem 11'cstas 111135 3 grandem 0 formosum de 5335 con-

gvnorcs 3111031135.

,15 3331013535 Papus 110513 10μί31) 1110111 11013 111111 parte 031 familia, 0 531)
110113 0101351135. 8311 001313101110 (le 131113111111 exiguo. 0 11111· certo em grande nu-
111010 110 051101105 11313 3111 1,·’111 1101130111) 1011113111). ,1113311331 0111 11111111113115, 1101-
1130 11105 1110513111 13111131015 0111111111105 110 1111101030311 115 501111111115 05011111111105
1111111511311115 11111 0111113105 3931011311115 de 11133135 0111111193310035. Ν3 101113116,
11113035 regi-*ms 10111 0111311 0510 310111110135411 131113 copia sle musgos, 1101101130035,
101115, 1111110 50 11010113111 011110 10111313 1131111113 0 355111111113113.

Pomm 1111135 110 11101 3110031135 35 0131111330035 5111110 11101135 113111131135 [1111
aguas 1111011105ς 1131135 0501111110111-50 1135 11111135 11115 8011111011113111, cle. 1111 1100111111
1135 1103011135, 113 1311031331 (15 1113511115 1135 31111115 03101111111135ς 113-35 310 (1110, 1311
1101113111131· 1115511135 110 11011135 1111111535; 0501111110111-50 3111311135 51111 11011135 5111135.
1· 1131135 01311111 1135 11553135 1135 11101135 311 31111131 113 luz 511131.

110 11111 30110111 0111 051101·105 1311 11111 113 31101135 11335 110 131 ou 111131 11111111)-
51113 110111 1311033113 0 0351313111» 113 concha: 35 (10111315 sno 1111113135 0 gramis, 0
3 11311 3111311131· 1311111 0111 111111111111115 3 111111· 113110 1101135, 1301111103ίο 50 011111831-
113111 11111 111111 10111105 0 11301113111035.

Sa 0111 1311135330111, 1135 1011011105 501110111111111305 110 50115 111315 0101311115
1111111105. 50 31113111 31113115 13111510111050111311105 113 unica 0511000 1130 1105135 111135
113 1111 ,30110111 1311103. Mas 110111 exclusiva 0110 1)111·11)53111“111, 1111111110 311113101το 3111111-
113111011113110 c 011111 3113111911 35110011) 0111 113351 111113 3 Europa. 11311113 entre 115
11011035 c 1113511115 1135 10111135 1135 11111135 1391011105. 11111113 11311 1011111115311101110
11130313113 1101115 ,113130111311115 31131135 1131105 113 31011111013110 11131101101150, 311Ι 111110
50 11311 31·11113; [1105313031 111115 1130 11313 13111053111110 fosse trazida da Gra] Bre-

