PREFACIO XIII

1011110 ou 110 portugal, 00110 0 frequente. Nao sei 010 que ponto 5010 1010510111
0510 01110100, 50 110111 que 1150 1010 sufficiente 10000 [1010 0 0111111101 011 0001110101.

O genero Clausala, 1111 precedente 11111110 1110111010 11010 exterior 110 coneha,
0 10111050010110 011] 101105 10111005 do globo 1101 001105 051100105, 0 00510 11110
1101100 abundante 0111 espec-ies, (1110 5011 10110110 01101 01011151101110010 indigenas:
111001 001110501110010 110 1110110110, 0 500 111015 101115 05 101111111005 005 Desertas:
500110 1115511 10110 50. 1)]’00010111 1101011110010 lagares humidos 0 0500105, agglo-
1110100110-50 5011 11011105 501105, 011 1511101105 1105 11105005 0 110110000005 1105 0110-
105 00110505ς 111110 11010111 01111ςο-50 005 11111011000005, 0 00110 11011110 0 10110 005
1011011105 0111105 11115 1111111105 110 11110101.

131111011110010 5011 0111051105 110 1110110110 0 Ρο1105110010 05 Craspedopomas
d'estas 111105; 010005 00101015 11010 cnr 0 11111110 110 0001110, 1111510 1100 110 formas
05505 exiguas. 1)]-110010111 1111051 101105 05 11111105 1105 0110105 0 05 1100005 0011105
110 011011, 11010 5011 01105 11101010 01]] 10011110 11 50011110 0 110 1110111110110, 500110 111110
511 05110010 0 que penetra 05 eonem-mades 1105 1001105 0 1101100101. Ε111 Ρο1·10-
500010 00000110-50 11010 5000105511, 0 00 100010010110 110 S. Lourencn duas cnm-
111010010010 1055015. Nem 005 Οο501105, nem 1105 8011011005 50 0115011011 010 11010
individuo algun] 1110 ou 105511.

Trzmcatellas 0 Pedipes 110-05 5130101110 1105 1110105 septentrional 0 01151101 110
1110110110 0 da Selx‘agen] Grande, 11100110 00051011101110010 por baixo 110 grandes
11011105 1105010005. 1110101100] en] individuos 0 1110111 en] familia, 5011] 1.·’011015 01100-
donarem 05 1100105 110 1111111οΙ 000110 0111190111 05 01105 marks: 11010111 00111 501111000-
110105 00 01011111010110, 0001 differem 1105 (105 1110105 0111011005 0 africanas.

As especivs 110 genero mssoa 500 0111110105 1101105 0101051105 110 0101101111.
Νῦο 50 0000011011] 50000 00 littora! 110 011110 0 5111 110510 11110, nra 5011 11011105 501-
105, 011 1105 10550105 1105105, 0 05 110Ζο5 1111051 5011111101105 110 0100. Δ1110501 110 11-
101011] ern 50010110110, 1010 0 1100 50 05500100] com 05 051100105 dos 2 generos pre-
cedentes.

05 generos Aur-icum, Melampus, Aleoela, 010 11010 50 na 1110110110 0 00 50110-
900] Grande 50 acharam: 5011110 1111105 1105 051100105 0 dns 101101101105 0101115110-
11101110 1101111005 110510 01·1;1111101ος0, 0 as 0111105 0001011105 {i Europa. Vivem 110051
50011110 0 1101101001, 050001111105 por baixo (10 11011105 1105010005, 0111 10110105 011110
0110311011] 05 1110105.

