Vl PREFACIO

’11111-1111105. Dana, 0 (1110111 0 5110111·ῑο 11111110 (1010. 05501010 que 0 1110550 1101111101Ιο
(11,- rochas 1-11110111005, (10 que 500 [0111101105 0 Pico Ruivo e as Turrinlms, 10111
111110 01011110 analogia 00111 0 00101111· 0101010 (1(Ι Κ110110011, 110 111ιο 11011011 (010111-
pelago aiu 801111111111) 100 111111110105011101110 (1051111110 11010 eminente sabio 0111011-
(·.’111(1, 0 111111 (10511111100 sc 00110 1011101100(Ιο 51111111101101110111(- 1105 1110110111115 111105
(10 1100111010. Sir 11. 111011, 110 5011 11111101101110 ,1101111111 (10 60010010 010111011101. ex-
1100 05 1111501100005 11111111110505 (1110 0111 011111110111110 (10 1101111 gerungo 01100100 0
51. 1101111111Γ 1171110 0111 18521 0 18ῑὶ1 501110 0 00010010 (10 11111110110; 1· (105 suas
11051111111105 10511110 1110111105ιο 0 0111111011 (1011110 0510 11110 001151111ιο 11111 vnn-50 ex-
buslo. 1) 51. J. 1);1110 110 5011 01110110110 Manna} (10 60010010, 1101011110 (105 vul·
10115 0 5110 (11511111111000 0000101111100, 11101110 0 ,1111110110 011110 05 vulcam>- vxislentes
110 01101111 0110111100, 011110 1111010111 101110 1111οῖ105 activos 05 (1115 01111111010905 (105
:aqut-vs. (105 canarias, 0 (10 011111 111111».

1105111111, 1110111110 (10 101105 05 (111501100005 e de 101105 (15 100105, (1110 0 11110

110 ,1101111110 (101011 0 5110 1011110100 0 111110 01101111001101111110110 1010011100. 0101111110
0111 ‹nstin-onzes 1101101105 110010111105. Α 111111111110, 5001111011 0 0111111011 (10 511· (j.

Lycll. 0 Δ1111110110 soi produzida 1101· 111110 011111ςῖιο 51111111011110. 1)(’11015 0 5110 05-
11011010 0111101 soi (01150110 11111 0111111005 51111101110111105 e 1101 1111011011101105 11011-
logicos, 5111101111105 0111 0110105 successivas, 0 1111111111 (105 (1111105 1100 (1010, 5001111110
05 sat-110>- 011501101105 11010 -51, [1011 1105 10105 (101)(1110 Moniz, 501 01110111011101110
0110510110 110 01100110 0111101.

A 11)-1111111050, 11015, 0101110110 11010 51. 1110115111110, (10 (1110 (1 0111110οΙ000 1110-
1101101150 1100 ‹2- 50111·ιο 11111 10101110 1115110150 110 111110 vasta rogiffi), 011105 0111105
1100111011105 (10510001105 50 0110011110111 11010 1105 01111105 1115010105 (105 1130105, (105
(3011111105 0 (10 (10110 101110, 1100 1110 1101000 1101101 1011101-50 11011110 0100110011 1-0-
0101101 (1110 1100 5010 0 «le 0111111111111110 101105 05105 010111110101105 ssu) (10111105 0
0011505 0111110005 0 0 1110005505 110 111100111511111, cuja 50111011101100 (1 51. 1.,1011 1011-
110011 (11101110 .·“1 11111110 0 0511011010 (10 ,1101101110 e 05 111111101110111101105 0001001105
(1110 00100101150111 0 11110 110 Palma 0 05111,»1·10111101110 0 5110 (0101110110 Caldera.

Mo 50 110110110 11010, 0111 1110501110 (105 factos geologicos 0 (10 critica scien-
lifica 0 (1110 100111 51110 5111111101111105, 01101101 que os archipclagos (10 0000110
0110111100 fixeram 11111111111011101110 110110 (10 111110 grande e unica regisso. Το1105
elles, 5031111110 05 111015 segarus 1110110111111101105, 01011111010111 (10 mar, como 1011-

