PREFACIO Xl

que 1101111111113 11111135 5013 exclusiva d'este archipelago, nem 01101003 1131110111311-
113110 11013101 3 1115110110 1135 1105 031105 1131305 03110 1331110111 vivem.

D'este arehipelago 50 35 111135 113 1111110113 0 Ρο110533010 311105031331 Vitri- ·
mas,- e 3111131010 111113 fossi! no promontorio de S. [0111-01110. Τ1·05 051100105 530
050111511311101110 31111ςο335 11’31’1111; vive 31101135 111113 30 3101111101380 (3333110350.
Νο1111111113 3 105110110 1135 0011110110105 01101000 differem& apreciavel quer 30 3111-
3131 111101 30 5011 0310111010. Βο31311113111 50311110 05 100331115 05111105 01133111105,
050111111011110-50 5011 11111135 0311135 1135 3110105, entre plantas 1101101130035, 011 1111-
113110 110 11011135 5111135 031 5111115 3130301105 0 05011105.

Do genero Helix 113 110 31011111013110 1111 1113110113 111315 1111111010535 051100105 1111
que 1111100013 001111101131-(1 3 51111 1101111033 11103, 0 110111 11101· 113110 indigenas 05-
0111511311101110 <restas 111135. Vivem 1111135 1501111135 0 111315 011 3101105 1110133113-
11101110 0500111111135 1135 10111135 1135 10011115, 11 1101133131 011 305 10113105 5031111105
1135 1110313311115 0 111101135, 0111 (11131110 50 aggregam 0111135 0111 13311113 311119311-
(lo-se debaixo de 11011135 5011115, 113 03503 1135 3110105, 011 501110 11011135 0 3111115-
105, 311110113110 11 gramineus, 3 10105, 3 cryptogalnicas 1131351135, 5011 11011005 0
1011135 110 1111111135 31101110011135, ele.

Observam em 5113 1110131111 vigorosa 11011111113030 (le zonas, 50111 11110 11131315
111113113550111 05 11311105 que 11105 3551031113 3 331111’οΖ3; 110 50110 que 13111135 1101-
135 1131111313 051101115513105 1111103105 011 11101155111105 10033105 (10 11110131 3111113
1105135 111135, 5013 que 50 0110011110 11111 50 individuo em 0111105 1003105 113 31051113
011 11115 111135 proximas, 110111 3111113 3 11011005 1135505 1111111101105 11011105 110 1051-
11030131

Do genero Rullmus 113 1111510 arehipelngo 3110335 111135 051100105, 111113 1101135
1131111111 110 Permaneto, 0 31111135 113 Μ3110113ῑ 1311311110 11010111 335 0111135 1111115.
Νῖιο 530 311111 0111351135, 11015 50 0300311311] 031 quasi 101111 3 Europa, 0311010111
3 3105313 003101313030 30 31113131 0 30 5011 0310111010 1051300οΝ1νο31 5011 11011135
5111135 0111 1093105 3111105, 011 entre 11133135 11011130035, 011 3111101011105 sobre muros
110 1101113 33111105. Ε para 0511331131 que n'uma 1011130, 130 proxima 113 Africa, 0
1310100313 0013 11133 temperatura em (111351 10110 0 33110 uniforme, 1130 10311331
3111131001110 051100105 31310105 0 mais 1011110535.

(lentam-se 335 111135 110510 3101111101380, 05001111131135 35 Selvagens e 3 Ι)0-

50113 31151131, 13111135 05110005 110 genero Achoma. Menos duas, 35 111315 530 11311111
Β .

